Position 1, Position 2,ZMIP
5.0,34.0,57.10646501751241
27.0,31.0,45.399047360320694
19.0,69.0,42.44517910699427
26.0,30.0,34.06134232097932
8.0,53.0,24.211055916713093
51.0,67.0,22.383735215903503
8.0,37.0,20.33473657882094
38.0,43.0,19.25441689429584
47.0,58.0,19.06757149894665
7.0,47.0,18.46733328208899
12.0,39.0,15.086828766400302
16.0,69.0,9.299925339980042
54.0,65.0,8.458781038325862
57.0,65.0,8.455345433834077
54.0,67.0,7.790456489954246
14.0,53.0,7.632124389855398
10.0,39.0,7.5582194293076155
40.0,52.0,7.334550765915904
20.0,69.0,7.267279455253143
23.0,27.0,6.879962355875875
32.0,46.0,6.795336664997498
46.0,61.0,6.401457090595502
17.0,53.0,6.105654690686318
24.0,35.0,6.085741234367055
45.0,55.0,5.86629770342056
54.0,60.0,5.71841924476854
9.0,57.0,5.494084699359672
53.0,69.0,5.346998653559519
31.0,42.0,5.153070731248643
13.0,18.0,5.111698966997319
10.0,17.0,5.11117560978333
46.0,50.0,5.057484895190354
42.0,65.0,4.945827076762681
21.0,37.0,4.935160521367715
21.0,68.0,4.923294062508994
9.0,55.0,4.825763686670207
12.0,18.0,4.680061035131397
31.0,60.0,4.668127059612878
35.0,57.0,4.628712830801044
8.0,17.0,4.623813531067142
11.0,40.0,4.597534020110394
19.0,45.0,4.593866380983528
19.0,23.0,4.571955561520105
2.0,42.0,4.481296916468097
46.0,66.0,4.480535565718559
3.0,15.0,4.353090088029131
3.0,36.0,4.330896579814562
46.0,55.0,4.329571898743925
28.0,41.0,4.233440447306649
28.0,50.0,4.175471284474494
3.0,59.0,4.160358617837907
13.0,32.0,4.094296644991008
19.0,48.0,4.085987183946451
29.0,61.0,4.0288370130101
15.0,46.0,3.997358429284794
1.0,6.0,3.996963948958412
48.0,67.0,3.9851927551137467
3.0,41.0,3.968998692753832
16.0,48.0,3.9574839152051493
14.0,39.0,3.9088643133569367
13.0,65.0,3.8900765196052474
16.0,29.0,3.886849049659149
28.0,64.0,3.86677522899355
8.0,55.0,3.8089001542491774
30.0,48.0,3.7589562211032237
23.0,61.0,3.7518195974311515
3.0,39.0,3.739521184246922
2.0,41.0,3.6634027998575984
30.0,61.0,3.6385965636680178
28.0,61.0,3.6080491714228677
9.0,53.0,3.606861907884376
49.0,54.0,3.6066978247740082
16.0,53.0,3.5941155926883206
48.0,60.0,3.5819682631078056
9.0,35.0,3.567099454573608
2.0,28.0,3.558502031123226
40.0,56.0,3.5332556647563176
47.0,56.0,3.497713107765947
7.0,24.0,3.4883078737177646
41.0,46.0,3.4789676697826204
6.0,23.0,3.4535571902591347
12.0,50.0,3.423036766912237
3.0,68.0,3.422468414991315
4.0,35.0,3.413846364376283
38.0,50.0,3.4131220646223106
16.0,68.0,3.411962950115381
34.0,41.0,3.409618547245137
9.0,33.0,3.404302555812008
5.0,66.0,3.38198280943459
7.0,18.0,3.3667489977723317
30.0,39.0,3.36197382490839
12.0,42.0,3.3417602540975104
14.0,58.0,3.3393334137303445
45.0,58.0,3.323567389100195
19.0,66.0,3.3196169268132993
1.0,58.0,3.300304065961505
6.0,40.0,3.2812846423270625
10.0,60.0,3.272817482089866
29.0,36.0,3.2647578646931477
9.0,19.0,3.2635001680142026
15.0,31.0,3.251505616063984
24.0,57.0,3.2095436098730863
25.0,30.0,3.2066838246262557
43.0,60.0,3.2011076570439476
21.0,43.0,3.1938777879171427
22.0,42.0,3.1871274400373455
39.0,61.0,3.1866184624440286
13.0,29.0,3.1553603226363167
4.0,33.0,3.0924168454256704
50.0,62.0,3.0890066381864987
2.0,36.0,3.0880603180722233
10.0,25.0,3.0685267497670545
36.0,48.0,3.0653332829927376
9.0,52.0,3.0512512063942308
45.0,68.0,3.051081779961061
49.0,57.0,3.0421876784387134
42.0,66.0,3.0081699240232793
5.0,54.0,2.9997515748094945
34.0,51.0,2.994433616854505
29.0,41.0,2.9920152813889773
3.0,65.0,2.9908616735548645
4.0,51.0,2.9880515872619617
16.0,43.0,2.9866507946789826
6.0,49.0,2.983057217317677
26.0,60.0,2.9696892802884904
20.0,53.0,2.9641657681850395
23.0,41.0,2.960974783562817
3.0,51.0,2.955364668093294
4.0,9.0,2.948091391970521
2.0,50.0,2.9372441284206188
30.0,50.0,2.92746749852771
29.0,64.0,2.9208545054906208
40.0,49.0,2.919185374480649
16.0,42.0,2.8949541108602945
32.0,54.0,2.88296440450407
7.0,61.0,2.8678696109078063
3.0,64.0,2.854134501675327
15.0,22.0,2.8534461018459365
21.0,51.0,2.8437414652527173
46.0,64.0,2.8380097242387574
40.0,44.0,2.8269248880466016
6.0,57.0,2.8225068413072756
31.0,48.0,2.815065012907017
40.0,55.0,2.802807703485923
2.0,10.0,2.798719074050792
21.0,64.0,2.784448262330811
25.0,41.0,2.782471169928489
1.0,52.0,2.771890401780451
12.0,51.0,2.770976741359501
4.0,49.0,2.7623943442897216
52.0,57.0,2.7556928614170966
15.0,45.0,2.7466946230732496
1.0,33.0,2.743087073474622
5.0,23.0,2.74113653509009
10.0,37.0,2.719474775939237
38.0,60.0,2.7031000704086514
30.0,41.0,2.689795053147834
56.0,66.0,2.6897007023107182
7.0,60.0,2.6883086894668016
1.0,54.0,2.6670895053015506
8.0,56.0,2.6617658028914857
11.0,44.0,2.6600286731120755
7.0,64.0,2.6466585474988626
11.0,32.0,2.642859789564217
9.0,62.0,2.6291188627041846
47.0,53.0,2.6225369098696083
61.0,67.0,2.6223120360517393
14.0,59.0,2.6168899407270247
10.0,57.0,2.6148691132416872
26.0,64.0,2.6037025877467737
30.0,42.0,2.5554742557161174
36.0,44.0,2.5540638978642747
2.0,29.0,2.5498968143332044
32.0,60.0,2.549601189740669
13.0,21.0,2.536172751434951
23.0,36.0,2.515356112873344
23.0,62.0,2.515352619061565
10.0,31.0,2.5077878245069294
33.0,53.0,2.4913200888048053
2.0,48.0,2.4896056479151643
11.0,25.0,2.484019445230354
15.0,67.0,2.479085216638756
28.0,65.0,2.478387913083905
33.0,52.0,2.4768277447065365
24.0,55.0,2.474972196442083
10.0,55.0,2.468503899451189
20.0,57.0,2.4655439116355384
1.0,55.0,2.460514475575968
22.0,36.0,2.4405288886657197
29.0,69.0,2.434844996736096
10.0,49.0,2.434057236791259
18.0,50.0,2.4209426613530383
35.0,40.0,2.41705214055429
16.0,58.0,2.414310041972871
23.0,63.0,2.398925899017037
18.0,53.0,2.384528706392551
20.0,33.0,2.382125755442973
16.0,41.0,2.3819111995852693
6.0,52.0,2.3737886452846557
49.0,56.0,2.352419699930815
10.0,18.0,2.3503267406968935
26.0,50.0,2.344022329496986
4.0,63.0,2.3319167312200766
30.0,60.0,2.3256882320761316
8.0,40.0,2.3187599287129177
25.0,45.0,2.3139538406536997
14.0,66.0,2.313476578504092
22.0,32.0,2.2973338034323363
35.0,55.0,2.289424240640065
2.0,18.0,2.2853446735971854
44.0,50.0,2.2835434580280047
59.0,64.0,2.2829055374478266
18.0,29.0,2.2823899496459203
4.0,40.0,2.2801368864934597
1.0,40.0,2.2700841773189846
20.0,63.0,2.267565115575486
31.0,46.0,2.264766519150027
32.0,68.0,2.2637370533192054
3.0,30.0,2.25841178803028
40.0,47.0,2.2353341465076157
7.0,48.0,2.223062660535608
44.0,49.0,2.191836782288104
47.0,52.0,2.171356398106922
13.0,60.0,2.1684042806147934
45.0,57.0,2.1640082968782606
18.0,35.0,2.1631736980321064
29.0,67.0,2.1620076727995095
6.0,21.0,2.1595068020541746
5.0,29.0,2.156761115248881
41.0,48.0,2.1522029004778043
7.0,46.0,2.1464634604208883
6.0,33.0,2.136377448958394
42.0,62.0,2.133264228889103
12.0,66.0,2.128377452514354
18.0,66.0,2.125844024804915
20.0,56.0,2.122146844920424
8.0,24.0,2.118217812013491
25.0,36.0,2.118150382096602
43.0,68.0,2.1167473307947904
12.0,61.0,2.1039588929435866
44.0,52.0,2.0976397434534366
22.0,68.0,2.093890383043135
45.0,50.0,2.0931574405528535
28.0,37.0,2.0910885785228093
4.0,57.0,2.0867616802879945
6.0,53.0,2.0760146497151184
33.0,49.0,2.067509594615781
1.0,56.0,2.0620908712146573
21.0,31.0,2.061446598316727
11.0,36.0,2.0374502645306434
26.0,62.0,2.0354405065626744
22.0,43.0,2.029901013852301
2.0,15.0,2.026099323526551
3.0,61.0,2.0257527280635794
21.0,60.0,2.021908255793291
11.0,50.0,2.0036922029185704
2.0,43.0,1.993687709038853
7.0,32.0,1.9895190438938881
7.0,14.0,1.9840004386565973
23.0,58.0,1.978837129677833
22.0,64.0,1.9709292413326005
25.0,68.0,1.9602612785214177
1.0,38.0,1.951224994741971
4.0,8.0,1.944166051524225
17.0,49.0,1.9393429844406977
12.0,69.0,1.9366400077662091
29.0,43.0,1.9269546258332644
22.0,35.0,1.9184013785947465
27.0,35.0,1.9181010279671498
60.0,66.0,1.911899270899843
45.0,60.0,1.9074004343977893
32.0,41.0,1.9032624113731111
49.0,53.0,1.9030777595676824
7.0,39.0,1.9029756865930023
1.0,5.0,1.8946792938974548
12.0,68.0,1.8935719075546684
16.0,32.0,1.8808247821145885
40.0,53.0,1.8753898960723494
1.0,57.0,1.8735254548481606
31.0,67.0,1.8707911427660247
36.0,42.0,1.8541330545031103
6.0,55.0,1.851535514939639
11.0,42.0,1.8454229576294676
46.0,57.0,1.8400328480583137
24.0,53.0,1.8361555838763197
22.0,60.0,1.835258450684408
39.0,55.0,1.8334277332312596
11.0,28.0,1.8329984380530953
2.0,46.0,1.828638939401379
29.0,66.0,1.8219802452410032
13.0,17.0,1.821855036047437
42.0,56.0,1.8123430878603275
1.0,47.0,1.8110240140613907
2.0,68.0,1.810081854240433
13.0,66.0,1.8068962510691078
19.0,64.0,1.8023012937888092
7.0,51.0,1.8017746423162617
20.0,39.0,1.8016939160677092
17.0,63.0,1.7978994356609959
38.0,48.0,1.7975144335996625
30.0,64.0,1.7917502830904142
58.0,62.0,1.784954036006877
21.0,67.0,1.784645726833452
7.0,56.0,1.7835129497074607
2.0,25.0,1.783063307881686
11.0,30.0,1.778950500736445
45.0,62.0,1.7748982438145646
1.0,7.0,1.773695839569335
53.0,68.0,1.7705812989818972
44.0,58.0,1.768907877521001
31.0,64.0,1.7618873774303725
2.0,22.0,1.760663764726624
18.0,43.0,1.7561939834565603
33.0,45.0,1.7559344793556264
23.0,35.0,1.7558601634458446
45.0,56.0,1.7415533876790552
4.0,44.0,1.7408048837615449
16.0,62.0,1.7366670875442876
7.0,29.0,1.7358615929215375
50.0,63.0,1.7339788991374008
17.0,21.0,1.731906452186769
22.0,26.0,1.7204282206985415
9.0,49.0,1.7135089120491533
24.0,66.0,1.713155331517059
15.0,50.0,1.7121001609764455
30.0,51.0,1.7093627274571408
7.0,34.0,1.7040198157363249
41.0,68.0,1.7029278302549624
34.0,67.0,1.6994199881859928
43.0,63.0,1.6993191589276002
11.0,21.0,1.6980718222622573
37.0,67.0,1.6923287092815051
35.0,47.0,1.6918528021740362
17.0,69.0,1.686990446633675
11.0,47.0,1.6867930666911453
19.0,41.0,1.6715088429232428
19.0,62.0,1.659876737986129
11.0,29.0,1.6540410570442334
33.0,54.0,1.6437487808827818
1.0,49.0,1.6408605958569213
38.0,45.0,1.6336281814890647
14.0,28.0,1.6287492177575227
15.0,29.0,1.6223463555158264
27.0,36.0,1.6139549923807446
1.0,24.0,1.6046202583420497
42.0,63.0,1.5990752162805282
1.0,8.0,1.5975876709281107
33.0,40.0,1.5951848534576032
33.0,60.0,1.5898462603199957
33.0,51.0,1.580778528110168
15.0,48.0,1.5798029332398986
20.0,55.0,1.5770487779530542
35.0,63.0,1.575999140529868
16.0,22.0,1.562760933665685
9.0,66.0,1.5610554721881802
29.0,34.0,1.5594415324169184
12.0,29.0,1.556107097034476
49.0,55.0,1.5532918147230792
33.0,58.0,1.5501586705953982
3.0,23.0,1.547965492096614
20.0,40.0,1.5415989266412506
1.0,36.0,1.5271524579898663
4.0,19.0,1.5246989193817801
14.0,32.0,1.5145931211285386
28.0,59.0,1.5052905356106356
58.0,66.0,1.5022876817911914
10.0,24.0,1.496132515620224
13.0,64.0,1.4927851404423684
15.0,60.0,1.4914110357795658
26.0,63.0,1.4877571484670966
12.0,23.0,1.4817722006397223
10.0,45.0,1.4817463291994935
32.0,63.0,1.4755721107838302
25.0,55.0,1.4726227631055377
1.0,45.0,1.4656054012551396
43.0,48.0,1.4642020554211483
6.0,47.0,1.4637034592779818
23.0,68.0,1.4616922847148028
55.0,66.0,1.4592980788658632
23.0,43.0,1.455808030237656
9.0,40.0,1.4440992019633019
4.0,53.0,1.4428675641916675
15.0,28.0,1.4415648486703814
24.0,36.0,1.4401789170210193
38.0,63.0,1.4387845919836297
16.0,63.0,1.437595108685814
32.0,36.0,1.435761750323138
34.0,56.0,1.4293010937185975
44.0,62.0,1.4203033611691658
6.0,42.0,1.4146087537831304
28.0,67.0,1.4072795163275196
7.0,58.0,1.4044115306370826
14.0,52.0,1.4029837080764993
31.0,54.0,1.4028041016882424
52.0,56.0,1.3990325445676108
29.0,33.0,1.3981558122855415
44.0,54.0,1.3969170245217626
2.0,60.0,1.3921047129234982
50.0,69.0,1.3880126416920782
30.0,54.0,1.3798757378188475
33.0,67.0,1.3792507013227848
15.0,34.0,1.3775238172038917
9.0,50.0,1.3759960454307851
9.0,24.0,1.3744856018478782
26.0,39.0,1.3607204918726106
15.0,44.0,1.360637511859444
31.0,37.0,1.3559953889745207
23.0,60.0,1.3555853381415204
15.0,59.0,1.352599233428031
23.0,46.0,1.349881772988282
11.0,48.0,1.3451307148855178
2.0,51.0,1.3432682539322356
21.0,33.0,1.3412793361367574
6.0,35.0,1.3341256464746314
6.0,63.0,1.3263018439093928
16.0,46.0,1.3218942935890798
9.0,20.0,1.3196618238348048
15.0,39.0,1.3186216942104798
17.0,44.0,1.3179294827650176
4.0,24.0,1.317288479890721
24.0,64.0,1.2965303887769266
14.0,24.0,1.286604216930979
29.0,39.0,1.2836841554658107
1.0,35.0,1.2736359403291768
45.0,61.0,1.2715920597459558
18.0,48.0,1.2581125238424409
20.0,67.0,1.2529537678909415
15.0,32.0,1.2461221391083108
52.0,59.0,1.2455897823085977
13.0,23.0,1.24487852133145
4.0,14.0,1.2350161880475838
12.0,28.0,1.2334303861711684
7.0,59.0,1.2270597052945362
29.0,45.0,1.2270145182895549
36.0,62.0,1.2266673843130451
14.0,31.0,1.2212868200182505
13.0,67.0,1.2169165809346723
7.0,62.0,1.2165309504446065
48.0,65.0,1.2145156639690082
28.0,43.0,1.2142655402160099
44.0,56.0,1.2119163365388668
43.0,67.0,1.209057613986152
48.0,61.0,1.196541912039385
9.0,38.0,1.1963341051820027
20.0,65.0,1.1896308852741477
37.0,56.0,1.1895750689502897
17.0,24.0,1.1893765631220266
10.0,30.0,1.1875272279800437
57.0,63.0,1.1869684273462773
22.0,44.0,1.1834043493467257
27.0,48.0,1.1803560147881755
11.0,61.0,1.1784339360950329
22.0,39.0,1.1780534806384442
3.0,32.0,1.1749454350040975
26.0,46.0,1.174256042616134
18.0,68.0,1.1713358749315124
32.0,44.0,1.1695580667112906
6.0,11.0,1.16509242464334
12.0,17.0,1.1645731065640106
19.0,30.0,1.1622843467593615
25.0,35.0,1.1605208325827825
20.0,59.0,1.1591749407935548
12.0,36.0,1.1590591820725533
52.0,66.0,1.1569213825809064
8.0,52.0,1.1530180821189597
22.0,31.0,1.1529772811359342
12.0,46.0,1.1522161260802843
25.0,67.0,1.1520858062783859
29.0,63.0,1.1451691924519478
56.0,60.0,1.1414769345841687
40.0,57.0,1.1394035548802952
43.0,65.0,1.1373691000097932
16.0,59.0,1.134120004219994
17.0,67.0,1.1339709519082726
22.0,38.0,1.1326844876787694
4.0,37.0,1.1323674245860578
24.0,31.0,1.1308917981002513
25.0,58.0,1.1299218545285128
32.0,45.0,1.1290476656096922
29.0,59.0,1.1262086978393562
10.0,52.0,1.1229268282947407
5.0,63.0,1.1211623407698286
44.0,61.0,1.114721954391673
24.0,47.0,1.1145026561012181
7.0,25.0,1.1132087974432292
33.0,41.0,1.1111847579833332
40.0,54.0,1.1052812420788034
12.0,48.0,1.1047345366172283
19.0,43.0,1.1030161358084125
31.0,62.0,1.1029872147816153
10.0,56.0,1.1013879289099684
14.0,68.0,1.0989845163656344
44.0,51.0,1.0987969236350643
19.0,50.0,1.0981200079408002
35.0,59.0,1.0977309714648367
9.0,59.0,1.097464442588208
13.0,62.0,1.0948966000651752
11.0,64.0,1.0911882708246456
34.0,61.0,1.0890484986665467
49.0,63.0,1.087461045870234
27.0,42.0,1.0846352267154613
18.0,33.0,1.0720734672608825
24.0,56.0,1.0716570888020112
35.0,45.0,1.069922309860707
8.0,39.0,1.0641325314391794
25.0,33.0,1.061763793317159
43.0,59.0,1.0594603411514811
25.0,43.0,1.0593954847286515
29.0,51.0,1.0580418934160902
18.0,41.0,1.0571761905063952
51.0,59.0,1.0544562260621406
7.0,44.0,1.0521329107329567
8.0,59.0,1.051307759900171
15.0,23.0,1.050991790041298
7.0,31.0,1.0437815591365762
1.0,17.0,1.0394204991924973
22.0,50.0,1.0366805200848235
29.0,62.0,1.0360447875682115
33.0,61.0,1.033326914220066
39.0,48.0,1.030898445846177
62.0,68.0,1.023306923914149
25.0,59.0,1.0191812144434351
27.0,58.0,1.0175522130981356
26.0,37.0,1.0128708455717035
33.0,63.0,1.0112604769992204
15.0,25.0,1.0105088633711823
47.0,57.0,1.009506726521109
21.0,32.0,1.0051303542272072
7.0,35.0,1.0050102476889824
5.0,11.0,1.0038689195668586
40.0,67.0,1.0020571424054727
14.0,48.0,0.9848247487684125
6.0,17.0,0.9838273258207424
26.0,42.0,0.9776357995421261
14.0,21.0,0.9765340182843949
2.0,26.0,0.9761060491996043
4.0,16.0,0.9750347753029914
6.0,65.0,0.974323006154286
30.0,63.0,0.973976909707357
38.0,46.0,0.9736639093420647
49.0,59.0,0.9736192601521123
20.0,25.0,0.9722509634076067
4.0,64.0,0.9710142939394939
11.0,27.0,0.9709888155701858
24.0,42.0,0.9686235866837302
3.0,44.0,0.9679615886100459
45.0,63.0,0.9599283893528461
18.0,51.0,0.9510268746705219
7.0,67.0,0.9471034282113384
43.0,50.0,0.9409227608509143
13.0,22.0,0.9408847384463073
21.0,54.0,0.9367845766981756
18.0,52.0,0.9283882801067119
3.0,20.0,0.9282660756897099
20.0,66.0,0.9222611234580791
10.0,40.0,0.9165180772629171
17.0,28.0,0.9154032867052583
17.0,57.0,0.9072230758146422
51.0,62.0,0.9065444626404023
50.0,67.0,0.903315419590542
3.0,27.0,0.9019854782938567
16.0,61.0,0.9013337546677408
1.0,21.0,0.9008899878219955
18.0,49.0,0.8993120042032495
10.0,42.0,0.8983210252889826
41.0,60.0,0.8970098047753683
6.0,56.0,0.8959038168195377
57.0,62.0,0.8912890608607631
16.0,27.0,0.8912815707035666
12.0,41.0,0.8801391658823375
36.0,64.0,0.879400822667826
18.0,56.0,0.8732603048117045
38.0,57.0,0.8699977672267144
43.0,61.0,0.8692589451397114
46.0,68.0,0.8668895051523354
40.0,68.0,0.8654624843733597
58.0,63.0,0.8650177157676254
19.0,61.0,0.8642806337478584
34.0,64.0,0.8631276658057196
25.0,61.0,0.861663855316969
13.0,58.0,0.8557217363846646
44.0,53.0,0.852691466281653
44.0,69.0,0.8516852219879097
5.0,64.0,0.8467793498757035
30.0,57.0,0.8466813168225202
49.0,65.0,0.8449574719226928
32.0,38.0,0.8443184567681393
2.0,27.0,0.8429923542287149
46.0,63.0,0.841835623173199
28.0,36.0,0.8415956590107035
8.0,68.0,0.8409096739996841
41.0,61.0,0.8394630984253264
42.0,48.0,0.8342958094938582
38.0,68.0,0.8302325961376268
37.0,44.0,0.8276509312590277
24.0,40.0,0.8272967487358495
42.0,52.0,0.8226476120067107
54.0,62.0,0.8170155686553924
25.0,53.0,0.816065060890241
18.0,26.0,0.815926390660246
16.0,34.0,0.8131442038316425
15.0,21.0,0.8131313511147439
27.0,62.0,0.8130940421454642
26.0,54.0,0.8068717644310996
21.0,65.0,0.8068217650088307
22.0,59.0,0.8048056134644422
30.0,45.0,0.8029867735502958
10.0,35.0,0.8026997799238692
16.0,51.0,0.7989457091424542
11.0,16.0,0.7984255113322682
3.0,10.0,0.7942790660238106
7.0,27.0,0.7929161550389385
2.0,59.0,0.7890860551247462
24.0,39.0,0.7884631722200078
36.0,65.0,0.788102080944349
4.0,47.0,0.778582180437845
48.0,64.0,0.7775863721499503
25.0,62.0,0.7737167995630986
13.0,51.0,0.7735405545499511
5.0,15.0,0.7717379364176752
32.0,61.0,0.7704475586692523
11.0,18.0,0.7693510777338078
52.0,58.0,0.7642897843436129
33.0,38.0,0.7621152435328893
46.0,59.0,0.7593950694775039
24.0,32.0,0.7591163471136363
11.0,67.0,0.7582646548258711
36.0,56.0,0.7562280144180027
7.0,45.0,0.7498855063698382
39.0,57.0,0.7465892030454234
21.0,27.0,0.7421508670198922
33.0,56.0,0.7322486720224757
14.0,40.0,0.7219615159568147
25.0,34.0,0.7209310087842709
3.0,19.0,0.7186144426031508
59.0,69.0,0.7178631460737881
25.0,39.0,0.7112974366346233
42.0,60.0,0.7077685234306489
22.0,41.0,0.7076880597449431
8.0,57.0,0.7002946604520335
51.0,68.0,0.6965542935111932
36.0,69.0,0.6957695084050084
12.0,45.0,0.6943921352187169
22.0,48.0,0.6936776536088138
3.0,58.0,0.6916030858837059
10.0,32.0,0.6910575359543026
26.0,69.0,0.6901866630102576
9.0,65.0,0.6887072150975289
30.0,52.0,0.6882977365475744
18.0,63.0,0.6874952188980236
28.0,42.0,0.6826692637952628
17.0,31.0,0.6739252044308485
3.0,34.0,0.6691663903803259
36.0,57.0,0.6686698424502403
29.0,50.0,0.6683470352801615
20.0,35.0,0.6673211003776531
9.0,37.0,0.6666208726745374
13.0,26.0,0.6616850034629578
7.0,63.0,0.6548796509540776
56.0,65.0,0.6514397253888795
7.0,12.0,0.6479619833687962
25.0,65.0,0.6443137411397998
20.0,50.0,0.6437200876664131
4.0,21.0,0.6370841382022011
18.0,32.0,0.6364214495909792
35.0,44.0,0.6344647466234874
6.0,66.0,0.633468296851304
17.0,40.0,0.6309712298014428
36.0,50.0,0.6223502436524465
21.0,62.0,0.6203024733641448
5.0,68.0,0.6198175969466613
38.0,66.0,0.6161386268033846
9.0,44.0,0.6158512572001984
9.0,47.0,0.6136710478700876
28.0,32.0,0.6115450031854509
5.0,46.0,0.61028993171268
16.0,65.0,0.610039607344018
8.0,16.0,0.6039904433155779
12.0,22.0,0.6037904369438511
22.0,30.0,0.6016888620496205
57.0,66.0,0.6003650675572975
2.0,64.0,0.599986669635561
12.0,44.0,0.5905062866392926
5.0,19.0,0.5873683287899464
5.0,39.0,0.5861717523601588
3.0,25.0,0.5813483164088415
57.0,64.0,0.5809610299870123
21.0,44.0,0.5807265209886293
5.0,50.0,0.5805660260766139
1.0,42.0,0.5797637823885698
33.0,55.0,0.5790504218868497
33.0,43.0,0.5783122404213703
10.0,20.0,0.5772485616550517
41.0,66.0,0.5761854930457977
21.0,45.0,0.5746586349040759
22.0,29.0,0.5671744165923792
24.0,67.0,0.567137250728618
4.0,69.0,0.5671011789420477
10.0,65.0,0.5654971322968833
4.0,56.0,0.5651267567164274
32.0,62.0,0.5611299384552244
29.0,55.0,0.5599414439872095
45.0,51.0,0.5560341284411899
4.0,54.0,0.5550325179626512
3.0,9.0,0.5548042165769377
20.0,27.0,0.5541450856770368
50.0,66.0,0.5499448559955946
36.0,61.0,0.5493846760183357
38.0,62.0,0.5464971044467513
18.0,61.0,0.5442546709588016
14.0,37.0,0.5417284406854598
6.0,37.0,0.535399963927901
35.0,39.0,0.5343381450173754
42.0,64.0,0.5335744894090353
6.0,16.0,0.5279678348902737
35.0,54.0,0.5278351393452764
13.0,36.0,0.5247044175602251
42.0,55.0,0.5227611359293428
11.0,46.0,0.5133932725260151
18.0,60.0,0.5121720930125199
23.0,32.0,0.5115066053624971
4.0,52.0,0.5099916609418967
63.0,69.0,0.5066932773051395
17.0,68.0,0.5061316052622639
15.0,27.0,0.5058658171612052
31.0,45.0,0.5049004874421085
42.0,67.0,0.5018485392248753
59.0,65.0,0.5002500511513733
29.0,37.0,0.4982133141957086
1.0,59.0,0.4972909850946244
55.0,63.0,0.4915964715801104
33.0,62.0,0.4908787623592476
37.0,49.0,0.48869826072030165
15.0,36.0,0.4884599779965403
36.0,68.0,0.48816447614799446
1.0,9.0,0.4822588612807501
1.0,41.0,0.47939149831097805
35.0,52.0,0.47538833184247226
13.0,40.0,0.4744989591609237
53.0,63.0,0.4733567433167469
51.0,61.0,0.47323763956064574
14.0,27.0,0.4728519102186492
14.0,29.0,0.46753447155739464
26.0,53.0,0.46746450616501495
24.0,37.0,0.4654272434589345
42.0,50.0,0.46382295025989684
53.0,66.0,0.4632762713905692
1.0,44.0,0.4615872011258839
32.0,42.0,0.4613173209176536
11.0,58.0,0.4589296548905076
45.0,54.0,0.45767110712551334
20.0,52.0,0.45172494653714107
51.0,64.0,0.44853896689922396
6.0,69.0,0.44280626133573353
4.0,38.0,0.4386906181053216
4.0,55.0,0.4369764144096167
2.0,11.0,0.43538811816153555
26.0,41.0,0.4345958397840222
34.0,68.0,0.4262877273484752
8.0,35.0,0.4222508652559857
6.0,59.0,0.4216067585923585
43.0,66.0,0.41917562914501094
28.0,33.0,0.41829562678870397
41.0,65.0,0.41146431050687104
3.0,11.0,0.4114257053586257
37.0,63.0,0.41090922278076086
53.0,65.0,0.4107898296859117
3.0,17.0,0.40738619213647287
16.0,52.0,0.406227355101425
15.0,35.0,0.4038664871740339
58.0,67.0,0.403206183178295
17.0,35.0,0.40218163456059475
6.0,68.0,0.40119377497137826
47.0,66.0,0.3899434454033666
4.0,18.0,0.38200657801530247
26.0,40.0,0.380501800877924
24.0,44.0,0.37901372325770166
5.0,16.0,0.3777544166377396
6.0,15.0,0.37515692414930407
3.0,66.0,0.37123562502332186
28.0,45.0,0.37121059068245266
2.0,39.0,0.3705939998039462
10.0,22.0,0.37046152855781334
24.0,52.0,0.36747220525497776
4.0,43.0,0.3652949629765898
25.0,52.0,0.3648272833111623
5.0,62.0,0.36327490092594444
27.0,40.0,0.3555614563071894
15.0,33.0,0.3496375481923989
13.0,68.0,0.34901766557618913
62.0,66.0,0.34861325440049046
22.0,27.0,0.3479883034577905
23.0,33.0,0.34711610316235214
55.0,59.0,0.34582299781415327
20.0,49.0,0.3446366641426304
12.0,60.0,0.34449179175228617
14.0,34.0,0.3380552891141809
9.0,17.0,0.33651524187889204
44.0,55.0,0.33413663354192386
30.0,59.0,0.332156870350842
14.0,19.0,0.3295915336013321
42.0,46.0,0.3290180690370449
42.0,54.0,0.3238485587070421
36.0,52.0,0.3229420700047203
25.0,42.0,0.3201838396839567
40.0,69.0,0.3147972727130068
11.0,51.0,0.31350964914965246
31.0,68.0,0.3133826464915438
39.0,46.0,0.31198979731575194
26.0,36.0,0.3057271676806418
3.0,13.0,0.30488734805741347
19.0,34.0,0.304060288949286
12.0,35.0,0.30379622320374106
54.0,59.0,0.3030529728511072
47.0,63.0,0.301140682327058
13.0,56.0,0.300542907519363
22.0,37.0,0.29757177463439877
52.0,69.0,0.29739240920970117
24.0,61.0,0.2970561468461348
52.0,64.0,0.296291423037294
14.0,25.0,0.295060911005611
29.0,44.0,0.2934654299872573
55.0,61.0,0.29194430678872274
37.0,57.0,0.28966438851836246
2.0,38.0,0.28325682020493864
53.0,57.0,0.2806536488449726
11.0,59.0,0.2797121973087813
8.0,27.0,0.2794246970137817
6.0,20.0,0.2792665292629485
4.0,65.0,0.2792647248075081
49.0,61.0,0.27917719491793697
1.0,20.0,0.27383279297535057
7.0,21.0,0.2730915523650169
35.0,49.0,0.27198092080308595
9.0,32.0,0.2719391332607724
2.0,54.0,0.2713455916726879
26.0,67.0,0.26943805892962686
33.0,48.0,0.2623899125979454
9.0,16.0,0.26127044720127285
3.0,56.0,0.2591340249764032
5.0,27.0,0.2589628096835771
13.0,61.0,0.2563790621273908
39.0,45.0,0.24998652312919695
55.0,65.0,0.24902522374254554
2.0,19.0,0.24548769248241545
9.0,56.0,0.24480217215007605
14.0,18.0,0.24223019596940887
30.0,37.0,0.2390670540676812
12.0,19.0,0.23773448226545746
9.0,58.0,0.23487924011983327
5.0,58.0,0.2313727456877221
35.0,65.0,0.22739531081242073
15.0,66.0,0.2262270603314966
13.0,42.0,0.22461278180826688
11.0,41.0,0.22209322266824003
2.0,55.0,0.2156752921560185
39.0,68.0,0.21464498092704593
13.0,37.0,0.21297302516620836
40.0,65.0,0.21052357054773121
21.0,61.0,0.20871722010813235
46.0,58.0,0.20789062263400124
33.0,66.0,0.20630833823435915
17.0,58.0,0.20467581266462276
25.0,44.0,0.20427712793169456
37.0,59.0,0.20395146211787088
10.0,26.0,0.2024433930332348
41.0,67.0,0.20174378613589067
48.0,52.0,0.20121355211214367
6.0,38.0,0.19476388708859418
26.0,44.0,0.1911074311322848
12.0,20.0,0.18871649107900368
15.0,51.0,0.18858776625385185
26.0,65.0,0.18519601661417087
2.0,44.0,0.18482431743161856
12.0,31.0,0.18330617444017028
37.0,60.0,0.18164592638138413
49.0,66.0,0.18082464206796825
17.0,54.0,0.17495249677793098
18.0,57.0,0.17386497791259126
35.0,56.0,0.16849551859309797
20.0,58.0,0.16150719778774383
3.0,28.0,0.1590309508926307
30.0,62.0,0.15854468655284662
26.0,32.0,0.15650821432941434
30.0,34.0,0.15623214639687602
14.0,65.0,0.15284347127456227
18.0,55.0,0.1487654721257069
59.0,68.0,0.14755076293668792
60.0,64.0,0.1472357074054579
3.0,37.0,0.14352998592320554
23.0,45.0,0.14254034702439
6.0,14.0,0.14142965435427404
33.0,50.0,0.14068545168409352
4.0,32.0,0.13938944537469503
23.0,55.0,0.1382781517459076
2.0,21.0,0.13797103277974324
28.0,68.0,0.13777350263530463
24.0,49.0,0.13705525628528592
7.0,36.0,0.13460961329936935
32.0,67.0,0.13194574261793326
38.0,61.0,0.13061022010853962
2.0,67.0,0.1300747520182387
19.0,25.0,0.12939625956355336
62.0,67.0,0.12696514448485696
11.0,62.0,0.12409549391312881
2.0,30.0,0.12342682723817906
36.0,60.0,0.12287516278540837
17.0,52.0,0.1182595978163385
4.0,59.0,0.1180968608407198
13.0,20.0,0.1174680969225468
32.0,48.0,0.11099480087177678
31.0,50.0,0.10887421728441882
37.0,52.0,0.10804659393977391
18.0,31.0,0.1058798069255137
32.0,64.0,0.1053895201697567
37.0,47.0,0.10397771940315373
12.0,58.0,0.10295484188988828
55.0,64.0,0.10174724548056933
47.0,64.0,0.09854117658046814
60.0,68.0,0.09583737314437672
19.0,49.0,0.0826466863625291
3.0,14.0,0.08141383009365004
27.0,50.0,0.08117981877088717
12.0,21.0,0.0784281883566102
19.0,38.0,0.0778614921036806
23.0,40.0,0.07648267687643429
8.0,22.0,0.07333052997008438
28.0,39.0,0.07324385203507806
12.0,59.0,0.07287917039216897
21.0,38.0,0.07217901555155687
10.0,59.0,0.0718952528264618
46.0,67.0,0.07039331878487894
12.0,27.0,0.06993814176463517
28.0,44.0,0.0692489068708152
24.0,65.0,0.06689371515950053
6.0,44.0,0.06487162177579582
25.0,57.0,0.06361543865932377
4.0,10.0,0.06043808592216398
3.0,26.0,0.05913363464343098
5.0,14.0,0.0584225008306533
38.0,51.0,0.05711497533665937
35.0,69.0,0.05614176159968426
19.0,60.0,0.04463861965640393
32.0,47.0,0.04421793503178706
13.0,59.0,0.043763791917221774
21.0,30.0,0.043286255956016824
28.0,57.0,0.04212558901997118
1.0,53.0,0.04118687338659829
28.0,55.0,0.03847643341640828
39.0,58.0,0.031649158044156314
11.0,37.0,0.02870947246502424
19.0,67.0,0.028480929525856635
37.0,69.0,0.02704086736030846
23.0,59.0,0.026272250921600317
42.0,51.0,0.024239620342821736
24.0,45.0,0.02320898963761185
16.0,30.0,0.022905130345901262
5.0,55.0,0.02006365847718252
10.0,61.0,0.017357467265128153
22.0,63.0,0.015817767480056453
4.0,61.0,0.013847966885821307
15.0,64.0,0.0137440734999776
1.0,27.0,0.012531597312932751
1.0,51.0,0.010204207205022369
37.0,53.0,0.009821489846690413
29.0,42.0,0.009771919843848152
31.0,49.0,0.007890631949844322
41.0,51.0,0.006581645698034856
2.0,17.0,0.003413057150346823
13.0,25.0,0.0012605143125623232
3.0,31.0,0.001086335023796471
1.0,1.0,0
1.0,2.0,0
1.0,3.0,0
1.0,4.0,0
2.0,2.0,0
2.0,3.0,0
2.0,4.0,0
2.0,5.0,0
3.0,3.0,0
3.0,4.0,0
3.0,5.0,0
3.0,6.0,0
4.0,4.0,0
4.0,5.0,0
4.0,6.0,0
4.0,7.0,0
5.0,5.0,0
5.0,6.0,0
5.0,7.0,0
5.0,8.0,0
6.0,6.0,0
6.0,7.0,0
6.0,8.0,0
6.0,9.0,0
7.0,7.0,0
7.0,8.0,0
7.0,9.0,0
7.0,10.0,0
8.0,8.0,0
8.0,9.0,0
8.0,10.0,0
8.0,11.0,0
9.0,9.0,0
9.0,10.0,0
9.0,11.0,0
9.0,12.0,0
10.0,10.0,0
10.0,11.0,0
10.0,12.0,0
10.0,13.0,0
11.0,11.0,0
11.0,12.0,0
11.0,13.0,0
11.0,14.0,0
12.0,12.0,0
12.0,13.0,0
12.0,14.0,0
12.0,15.0,0
13.0,13.0,0
13.0,14.0,0
13.0,15.0,0
13.0,16.0,0
14.0,14.0,0
14.0,15.0,0
14.0,16.0,0
14.0,17.0,0
15.0,15.0,0
15.0,16.0,0
15.0,17.0,0
15.0,18.0,0
16.0,16.0,0
16.0,17.0,0
16.0,18.0,0
16.0,19.0,0
17.0,17.0,0
17.0,18.0,0
17.0,19.0,0
17.0,20.0,0
18.0,18.0,0
18.0,19.0,0
18.0,20.0,0
18.0,21.0,0
19.0,19.0,0
19.0,20.0,0
19.0,21.0,0
19.0,22.0,0
20.0,20.0,0
20.0,21.0,0
20.0,22.0,0
20.0,23.0,0
21.0,21.0,0
21.0,22.0,0
21.0,23.0,0
21.0,24.0,0
22.0,22.0,0
22.0,23.0,0
22.0,24.0,0
22.0,25.0,0
23.0,23.0,0
23.0,24.0,0
23.0,25.0,0
23.0,26.0,0
24.0,24.0,0
24.0,25.0,0
24.0,26.0,0
24.0,27.0,0
25.0,25.0,0
25.0,26.0,0
25.0,27.0,0
25.0,28.0,0
26.0,26.0,0
26.0,27.0,0
26.0,28.0,0
26.0,29.0,0
27.0,27.0,0
27.0,28.0,0
27.0,29.0,0
27.0,30.0,0
28.0,28.0,0
28.0,29.0,0
28.0,30.0,0
28.0,31.0,0
29.0,29.0,0
29.0,30.0,0
29.0,31.0,0
29.0,32.0,0
30.0,30.0,0
30.0,31.0,0
30.0,32.0,0
30.0,33.0,0
31.0,31.0,0
31.0,32.0,0
31.0,33.0,0
31.0,34.0,0
32.0,32.0,0
32.0,33.0,0
32.0,34.0,0
32.0,35.0,0
33.0,33.0,0
33.0,34.0,0
33.0,35.0,0
33.0,36.0,0
34.0,34.0,0
34.0,35.0,0
34.0,36.0,0
34.0,37.0,0
35.0,35.0,0
35.0,36.0,0
35.0,37.0,0
35.0,38.0,0
36.0,36.0,0
36.0,37.0,0
36.0,38.0,0
36.0,39.0,0
37.0,37.0,0
37.0,38.0,0
37.0,39.0,0
37.0,40.0,0
38.0,38.0,0
38.0,39.0,0
38.0,40.0,0
38.0,41.0,0
39.0,39.0,0
39.0,40.0,0
39.0,41.0,0
39.0,42.0,0
40.0,40.0,0
40.0,41.0,0
40.0,42.0,0
40.0,43.0,0
41.0,41.0,0
41.0,42.0,0
41.0,43.0,0
41.0,44.0,0
42.0,42.0,0
42.0,43.0,0
42.0,44.0,0
42.0,45.0,0
43.0,43.0,0
43.0,44.0,0
43.0,45.0,0
43.0,46.0,0
44.0,44.0,0
44.0,45.0,0
44.0,46.0,0
44.0,47.0,0
45.0,45.0,0
45.0,46.0,0
45.0,47.0,0
45.0,48.0,0
46.0,46.0,0
46.0,47.0,0
46.0,48.0,0
46.0,49.0,0
47.0,47.0,0
47.0,48.0,0
47.0,49.0,0
47.0,50.0,0
48.0,48.0,0
48.0,49.0,0
48.0,50.0,0
48.0,51.0,0
49.0,49.0,0
49.0,50.0,0
49.0,51.0,0
49.0,52.0,0
50.0,50.0,0
50.0,51.0,0
50.0,52.0,0
50.0,53.0,0
51.0,51.0,0
51.0,52.0,0
51.0,53.0,0
51.0,54.0,0
52.0,52.0,0
52.0,53.0,0
52.0,54.0,0
52.0,55.0,0
53.0,53.0,0
53.0,54.0,0
53.0,55.0,0
53.0,56.0,0
54.0,54.0,0
54.0,55.0,0
54.0,56.0,0
54.0,57.0,0
55.0,55.0,0
55.0,56.0,0
55.0,57.0,0
55.0,58.0,0
56.0,56.0,0
56.0,57.0,0
56.0,58.0,0
56.0,59.0,0
57.0,57.0,0
57.0,58.0,0
57.0,59.0,0
57.0,60.0,0
58.0,58.0,0
58.0,59.0,0
58.0,60.0,0
58.0,61.0,0
59.0,59.0,0
59.0,60.0,0
59.0,61.0,0
59.0,62.0,0
60.0,60.0,0
60.0,61.0,0
60.0,62.0,0
60.0,63.0,0
61.0,61.0,0
61.0,62.0,0
61.0,63.0,0
61.0,64.0,0
62.0,62.0,0
62.0,63.0,0
62.0,64.0,0
62.0,65.0,0
63.0,63.0,0
63.0,64.0,0
63.0,65.0,0
63.0,66.0,0
64.0,64.0,0
64.0,65.0,0
64.0,66.0,0
64.0,67.0,0
65.0,65.0,0
65.0,66.0,0
65.0,67.0,0
65.0,68.0,0
66.0,66.0,0
66.0,67.0,0
66.0,68.0,0
66.0,69.0,0
67.0,67.0,0
67.0,68.0,0
67.0,69.0,0
68.0,68.0,0
68.0,69.0,0
69.0,69.0,0
41.0,59.0,-0.0006052469316005075
58.0,68.0,-0.002015258998183821
48.0,59.0,-0.007074468360187738
8.0,20.0,-0.007205220199002245
7.0,22.0,-0.008049819118401287
6.0,10.0,-0.009250008909514789
45.0,65.0,-0.012377620255609005
41.0,63.0,-0.01661065838908008
43.0,62.0,-0.019448039009380615
3.0,57.0,-0.025088868051933198
41.0,69.0,-0.027978388815781782
7.0,43.0,-0.028184982364321053
34.0,49.0,-0.03723950467138354
17.0,61.0,-0.03790539718495364
26.0,48.0,-0.03809030860158131
3.0,46.0,-0.03832473690350698
35.0,51.0,-0.03857417070624391
8.0,43.0,-0.038795232653993164
11.0,33.0,-0.04006966960690418
8.0,64.0,-0.04103439406578492
16.0,26.0,-0.04214529393555098
8.0,13.0,-0.04249238750305509
27.0,45.0,-0.04551656722017168
28.0,62.0,-0.04885395068985361
14.0,33.0,-0.053675123469712364
27.0,56.0,-0.05405923782600603
11.0,65.0,-0.05505123669220135
18.0,28.0,-0.05822325523891221
2.0,16.0,-0.05951270107788692
3.0,45.0,-0.06354712033890793
4.0,28.0,-0.06902263564158036
5.0,12.0,-0.07293215928500195
37.0,54.0,-0.07568966910065134
9.0,41.0,-0.07996378199295089
25.0,54.0,-0.08033972676927874
13.0,33.0,-0.08500025384915028
8.0,69.0,-0.08508462294826313
6.0,64.0,-0.08813936987736017
8.0,45.0,-0.08883523164069554
14.0,22.0,-0.10253176721203912
2.0,47.0,-0.10396686258216752
17.0,47.0,-0.10420427259906283
54.0,68.0,-0.1061702361766116
9.0,14.0,-0.10836750257413465
16.0,67.0,-0.10973595060171291
5.0,60.0,-0.11060862374342272
13.0,55.0,-0.11311414898375288
12.0,64.0,-0.11360362870530204
1.0,37.0,-0.11492971388954977
2.0,31.0,-0.11966922052660174
10.0,36.0,-0.12748680538413082
10.0,28.0,-0.12878293649314
5.0,22.0,-0.12945102547719348
56.0,62.0,-0.12953234636405545
36.0,66.0,-0.12987396630240136
35.0,53.0,-0.1308530610423317
6.0,24.0,-0.13176452006304729
32.0,65.0,-0.13439047851723088
29.0,38.0,-0.13826795421253513
23.0,67.0,-0.14040187893742687
23.0,56.0,-0.14216876864778974
19.0,54.0,-0.14229414038316332
54.0,58.0,-0.14231097163743733
52.0,63.0,-0.14338416468155693
16.0,25.0,-0.1448105225727846
38.0,44.0,-0.14570627882928527
11.0,43.0,-0.15085323788607047
11.0,60.0,-0.15112430729402831
19.0,39.0,-0.1524976192749759
20.0,28.0,-0.15346340508855633
46.0,54.0,-0.1537092431954072
14.0,42.0,-0.1556423561111542
33.0,57.0,-0.15720632444510893
12.0,30.0,-0.15731712564040953
26.0,61.0,-0.16184203619169396
23.0,38.0,-0.16273649000315848
58.0,69.0,-0.1631137554033019
20.0,31.0,-0.1658650277661056
32.0,58.0,-0.16695458420497825
38.0,65.0,-0.16874771458311677
2.0,33.0,-0.1726806139228295
13.0,44.0,-0.17343803114866846
4.0,17.0,-0.17566739304402645
27.0,57.0,-0.175957871108346
44.0,63.0,-0.1761221219315347
11.0,15.0,-0.17884837980563453
59.0,66.0,-0.1828047310617571
55.0,62.0,-0.1829182475800316
2.0,61.0,-0.18415031614306127
61.0,66.0,-0.19242934536971962
15.0,69.0,-0.1929286690417134
23.0,51.0,-0.1946439860233992
13.0,53.0,-0.19634902563819528
11.0,38.0,-0.19797900031838028
2.0,20.0,-0.20181849472706528
36.0,63.0,-0.20605437647704525
9.0,45.0,-0.20646410982058466
35.0,50.0,-0.20774722597141898
6.0,39.0,-0.20966399814445688
43.0,64.0,-0.2114101197217408
48.0,58.0,-0.2129890426144462
29.0,48.0,-0.21335458494511217
16.0,38.0,-0.21454918910407872
56.0,68.0,-0.2148398125477876
46.0,56.0,-0.21497619000563423
14.0,20.0,-0.21958691510202555
11.0,35.0,-0.22084080272246126
13.0,48.0,-0.2216995955908221
11.0,52.0,-0.2220638202491754
25.0,66.0,-0.22427253068374528
15.0,42.0,-0.2247138534694021
1.0,39.0,-0.22660598791562903
9.0,39.0,-0.2266111091405916
30.0,46.0,-0.22789142216730254
27.0,39.0,-0.2280435598755952
14.0,36.0,-0.23037647519167137
3.0,43.0,-0.23540715574419227
17.0,45.0,-0.23660217896495042
16.0,47.0,-0.24069142224775228
35.0,67.0,-0.24140186995762164
47.0,61.0,-0.2423072026833608
27.0,65.0,-0.2527693412698123
50.0,61.0,-0.2550586100494972
21.0,69.0,-0.25711102865792634
36.0,43.0,-0.25959651249824844
2.0,63.0,-0.26203855200818144
14.0,46.0,-0.2643195763840593
18.0,40.0,-0.2661774997337021
50.0,54.0,-0.2685731094321303
23.0,34.0,-0.26980835495116695
21.0,46.0,-0.269830533705889
8.0,49.0,-0.27008809169500914
47.0,59.0,-0.2808519411424473
34.0,50.0,-0.28188309114693477
7.0,16.0,-0.28285392872987103
20.0,30.0,-0.2838310372697714
13.0,63.0,-0.28583862871731097
28.0,66.0,-0.2869631099404766
15.0,38.0,-0.28705473734578796
44.0,60.0,-0.28711785184335276
20.0,54.0,-0.2873525722459924
6.0,18.0,-0.28905261825640277
24.0,41.0,-0.28995937802975924
8.0,21.0,-0.2902502055356408
1.0,64.0,-0.2919264659807771
2.0,53.0,-0.2953192562896678
10.0,16.0,-0.29856058390066664
4.0,26.0,-0.304941134096386
24.0,54.0,-0.3069434741879663
49.0,64.0,-0.3153227694734507
2.0,69.0,-0.3162201098291214
22.0,45.0,-0.31765719239469636
4.0,67.0,-0.3199208207773057
38.0,49.0,-0.32206274332315543
14.0,44.0,-0.32469108659747126
62.0,69.0,-0.33227620435537175
3.0,22.0,-0.3322778733708602
19.0,28.0,-0.3324271422822761
4.0,11.0,-0.3338607841530715
39.0,49.0,-0.3358886764893996
14.0,67.0,-0.33619253456083387
50.0,60.0,-0.33714701954456683
29.0,54.0,-0.34058331712976864
11.0,55.0,-0.34610523786455694
35.0,42.0,-0.3480073295157919
16.0,45.0,-0.3517012132663213
22.0,46.0,-0.351878304345702
23.0,48.0,-0.3560568289391536
15.0,55.0,-0.35771756129508264
10.0,51.0,-0.35859251405996295
13.0,31.0,-0.3606728287814821
39.0,69.0,-0.3621584761290669
46.0,60.0,-0.36222003968426386
36.0,67.0,-0.3631475393667909
10.0,41.0,-0.3645205668011056
6.0,54.0,-0.3685557281626921
12.0,54.0,-0.3701394758079919
39.0,51.0,-0.3704948176537397
11.0,63.0,-0.37187820805056643
14.0,45.0,-0.3735024942775847
40.0,66.0,-0.3801491861574582
21.0,28.0,-0.38192508547967197
16.0,57.0,-0.38819765766897446
39.0,60.0,-0.3891448320471882
3.0,7.0,-0.3934984661746879
3.0,60.0,-0.3939642467745717
6.0,46.0,-0.3949088428197465
27.0,37.0,-0.39497827933051305
10.0,53.0,-0.3950793229198242
41.0,50.0,-0.4020178043378114
42.0,59.0,-0.4051071451857086
9.0,63.0,-0.4056261768582596
18.0,67.0,-0.4106820169313589
13.0,30.0,-0.4139418893758374
4.0,20.0,-0.4146393363365725
47.0,68.0,-0.4171992117188686
6.0,41.0,-0.4192432333963341
17.0,56.0,-0.4197469479611734
23.0,57.0,-0.41990708718079744
28.0,52.0,-0.42212889360025674
14.0,51.0,-0.42255063255358066
21.0,50.0,-0.42608909759033226
8.0,63.0,-0.4285437930640263
19.0,33.0,-0.4287072074496974
21.0,53.0,-0.4302199641582662
8.0,44.0,-0.43049712087391734
38.0,47.0,-0.4335490890543198
27.0,68.0,-0.4354672595616686
10.0,48.0,-0.43556909656361104
38.0,54.0,-0.4415065924458337
8.0,19.0,-0.4467305514747671
10.0,19.0,-0.4484470232154269
6.0,50.0,-0.4496687082778802
46.0,51.0,-0.4568708368737993
13.0,52.0,-0.46038141770023705
24.0,58.0,-0.46062742985596483
31.0,58.0,-0.46433438931514237
4.0,58.0,-0.4669942894186808
7.0,52.0,-0.4671776329187446
24.0,34.0,-0.4688593042722588
17.0,59.0,-0.4693016580113827
27.0,51.0,-0.4702591698612142
57.0,68.0,-0.4708038996407926
48.0,68.0,-0.47101071975620357
9.0,13.0,-0.47332923091560075
8.0,18.0,-0.47436926339339075
22.0,67.0,-0.4799434796387965
37.0,50.0,-0.49596998751289556
4.0,31.0,-0.49709384756228475
29.0,46.0,-0.4988027549239874
42.0,58.0,-0.5018012360859977
14.0,38.0,-0.5045487880189591
24.0,30.0,-0.5069167618401274
3.0,12.0,-0.511920607267359
44.0,48.0,-0.5158965351024437
37.0,41.0,-0.5209663557901045
22.0,51.0,-0.5212015445802985
17.0,64.0,-0.5268943002999216
59.0,63.0,-0.5274074627610436
9.0,18.0,-0.5280947396694895
21.0,29.0,-0.5303456962420916
31.0,43.0,-0.532126339975736
13.0,39.0,-0.5360768877780239
19.0,40.0,-0.5364293883468698
17.0,65.0,-0.5378768318557186
8.0,48.0,-0.5397071949601604
29.0,52.0,-0.5410563745982775
2.0,23.0,-0.541994571168099
10.0,63.0,-0.5433695009952667
41.0,49.0,-0.5453837163920277
14.0,54.0,-0.5467309221929727
37.0,43.0,-0.5495510111234448
50.0,68.0,-0.5495872925631677
4.0,15.0,-0.551319725467538
4.0,42.0,-0.5515102896166801
15.0,43.0,-0.5523254761955243
25.0,49.0,-0.5550661911638873
16.0,56.0,-0.5550733175886595
14.0,55.0,-0.5604562349208143
49.0,67.0,-0.5670893796648943
48.0,54.0,-0.5680732874636719
5.0,42.0,-0.5691934311868011
35.0,60.0,-0.5711751371570217
13.0,49.0,-0.5742454913403517
54.0,66.0,-0.576208165900116
52.0,65.0,-0.5793053992635546
14.0,57.0,-0.5821574719650595
1.0,67.0,-0.5838764054722108
45.0,59.0,-0.5889032972850842
5.0,51.0,-0.5918683810970379
1.0,31.0,-0.5928732932164459
2.0,49.0,-0.5940671949994188
32.0,66.0,-0.6003937758589293
6.0,28.0,-0.6039932206058553
25.0,64.0,-0.6060663591019206
32.0,51.0,-0.6092996686114579
20.0,60.0,-0.6101241995705089
34.0,46.0,-0.613350904129646
39.0,66.0,-0.61435685213286
25.0,56.0,-0.6161244848214049
26.0,34.0,-0.617916491630189
23.0,47.0,-0.6209803869017089
6.0,31.0,-0.6228710119438317
7.0,37.0,-0.6287510412508964
7.0,15.0,-0.6315652407672552
13.0,45.0,-0.6340196694153297
47.0,62.0,-0.637025964322288
11.0,22.0,-0.6377255306159021
58.0,64.0,-0.6422017881646941
30.0,69.0,-0.6423856419512434
2.0,24.0,-0.645212833656098
25.0,38.0,-0.6473499160220697
37.0,66.0,-0.6491794082929888
11.0,23.0,-0.6493462681189037
27.0,34.0,-0.6500596934706976
14.0,60.0,-0.6549440229705737
1.0,65.0,-0.6558579777230552
31.0,59.0,-0.6565109693111714
24.0,62.0,-0.6569369903699458
1.0,34.0,-0.6583032268176571
14.0,62.0,-0.6585511641211106
9.0,60.0,-0.6614281743853309
50.0,56.0,-0.6627813230437298
45.0,66.0,-0.6642379067341754
50.0,64.0,-0.6672268477895434
26.0,59.0,-0.6689203910940155
45.0,67.0,-0.6705088331886989
43.0,58.0,-0.6748217790823593
28.0,46.0,-0.6792685284773747
12.0,32.0,-0.6842761167949027
25.0,63.0,-0.6851774596977779
1.0,43.0,-0.6861662065522098
3.0,50.0,-0.6863229352641885
18.0,69.0,-0.6897024864098141
13.0,50.0,-0.6923697911435336
41.0,64.0,-0.693912138657642
21.0,58.0,-0.6941537852441938
26.0,56.0,-0.6941714922806732
39.0,65.0,-0.6969333413908768
5.0,30.0,-0.6987612459151784
33.0,46.0,-0.6997239471053431
28.0,58.0,-0.7007833434878021
20.0,24.0,-0.7029086766980093
23.0,37.0,-0.702909516466365
31.0,66.0,-0.7051756063486714
20.0,47.0,-0.7058155730860286
20.0,26.0,-0.7058386297082598
1.0,18.0,-0.7087788505220168
22.0,28.0,-0.7097271655242541
24.0,46.0,-0.7116764923763684
7.0,68.0,-0.7137507789268982
18.0,64.0,-0.7153332187586945
49.0,60.0,-0.7168432556653666
11.0,17.0,-0.7177439373492628
12.0,25.0,-0.7179851813778936
3.0,35.0,-0.7210972147855059
7.0,33.0,-0.7271504572546788
14.0,49.0,-0.7295684423933998
5.0,65.0,-0.7299278796256891
17.0,43.0,-0.7424410583535318
44.0,59.0,-0.7425793470763887
56.0,63.0,-0.7466397089100317
20.0,42.0,-0.7497422101059277
19.0,56.0,-0.7549931666410827
27.0,38.0,-0.7556855984854632
39.0,56.0,-0.7568144635534951
24.0,48.0,-0.7582127521654887
17.0,32.0,-0.7611084103875517
38.0,67.0,-0.7616800221964531
6.0,22.0,-0.7621837616029835
3.0,67.0,-0.7650177917579025
43.0,54.0,-0.767489734732704
4.0,13.0,-0.7677822523250465
23.0,31.0,-0.7682367238323837
17.0,37.0,-0.7691739035733106
4.0,25.0,-0.7709533887304061
28.0,49.0,-0.7725505629034914
36.0,58.0,-0.7731207476015209
23.0,50.0,-0.7746605672375839
3.0,55.0,-0.7817449750746519
39.0,67.0,-0.7821684643360852
20.0,64.0,-0.7824991850097759
4.0,41.0,-0.7845069014853332
23.0,28.0,-0.7897250163320411
51.0,69.0,-0.7923391662774031
10.0,29.0,-0.7931096154973085
6.0,43.0,-0.7946971009234943
4.0,66.0,-0.796088549118857
5.0,44.0,-0.7965443244903624
18.0,54.0,-0.7966992562051685
12.0,62.0,-0.7967723923761418
12.0,65.0,-0.7976608109978438
34.0,47.0,-0.7992668817971175
35.0,64.0,-0.799998093893571
22.0,47.0,-0.80294406888297
16.0,36.0,-0.806608279919943
44.0,57.0,-0.8068320921142719
26.0,66.0,-0.8076326265381975
19.0,51.0,-0.8122191321466197
4.0,12.0,-0.8151145851092897
40.0,59.0,-0.8169522203923519
5.0,18.0,-0.8184260201630414
37.0,64.0,-0.8202441600913518
20.0,51.0,-0.8262724548276089
52.0,62.0,-0.8304562731666913
19.0,29.0,-0.8313208107904083
11.0,19.0,-0.8334221145856182
22.0,49.0,-0.8339525822714078
3.0,62.0,-0.834203845441304
13.0,38.0,-0.8344456319414751
34.0,65.0,-0.8357268475605827
27.0,32.0,-0.8360345832095881
46.0,52.0,-0.83920742638802
40.0,60.0,-0.8400418436637188
40.0,63.0,-0.8475329578280917
5.0,26.0,-0.848245351930037
12.0,56.0,-0.8543787997862045
2.0,45.0,-0.8591208776442859
47.0,65.0,-0.8610854163290574
47.0,55.0,-0.8617134367941653
22.0,34.0,-0.8628588402253119
16.0,28.0,-0.8643198076574683
14.0,30.0,-0.8651141617948931
14.0,47.0,-0.8669047091637662
22.0,33.0,-0.867660728477716
25.0,60.0,-0.8679714474022705
23.0,65.0,-0.8701184477814848
30.0,38.0,-0.8701596779764571
2.0,37.0,-0.8703313657039399
11.0,68.0,-0.8732945923602988
10.0,58.0,-0.8783236684130794
13.0,57.0,-0.8814393779084043
41.0,62.0,-0.8822179425750505
27.0,33.0,-0.8846075574706819
7.0,13.0,-0.885724444610677
26.0,49.0,-0.8978460207315885
22.0,61.0,-0.8979753686087569
15.0,47.0,-0.898097954021392
34.0,63.0,-0.8985558053579489
10.0,44.0,-0.9036775839286785
5.0,61.0,-0.9036927780252013
38.0,52.0,-0.9063253575202107
7.0,17.0,-0.9180000071260139
17.0,22.0,-0.9214642678405824
18.0,30.0,-0.9277714146483739
38.0,69.0,-0.9319896308593173
22.0,65.0,-0.9348716320898945
16.0,50.0,-0.9377253630157456
36.0,46.0,-0.9403235023255502
64.0,69.0,-0.9519988461250661
14.0,69.0,-0.9520546062377299
63.0,68.0,-0.9565284634879316
1.0,28.0,-0.9607865070325461
41.0,54.0,-0.9611309278597975
7.0,40.0,-0.9638908018173207
16.0,60.0,-0.9665879375371417
17.0,33.0,-0.9667975888843467
36.0,49.0,-0.970096106353469
28.0,34.0,-0.9733434843201505
13.0,24.0,-0.9740352764193012
34.0,69.0,-0.9753574870718598
10.0,38.0,-0.9792093401539783
20.0,46.0,-0.9838044960616594
37.0,42.0,-0.9854053988548175
27.0,63.0,-0.9865135343595184
46.0,62.0,-0.9888904061937409
37.0,58.0,-0.9952900019409885
5.0,21.0,-1.0092773434113358
1.0,48.0,-1.0100680424922162
15.0,56.0,-1.0102738010468328
48.0,55.0,-1.0113404743946792
1.0,50.0,-1.0140465818478401
44.0,68.0,-1.0171342526805947
18.0,42.0,-1.027325097471109
18.0,45.0,-1.0302837553461488
10.0,66.0,-1.030756942578858
40.0,61.0,-1.0311215925453459
7.0,23.0,-1.0354349553668887
34.0,53.0,-1.03789584538959
18.0,23.0,-1.0391584361441188
20.0,44.0,-1.0398290887287371
28.0,35.0,-1.0404383534475021
26.0,43.0,-1.0475700757597033
33.0,47.0,-1.049615233254438
1.0,61.0,-1.0502231047048414
9.0,27.0,-1.052808449764874
19.0,32.0,-1.0546543449170138
34.0,62.0,-1.0576194807633066
25.0,47.0,-1.0637240765255094
1.0,60.0,-1.0657249834850346
20.0,62.0,-1.0692394932134808
38.0,53.0,-1.076272113287757
17.0,41.0,-1.0764212546068488
3.0,33.0,-1.0781655134187647
24.0,33.0,-1.0804417461890174
56.0,67.0,-1.0810496792386488
28.0,38.0,-1.0815887529593664
15.0,20.0,-1.0839307566571648
26.0,45.0,-1.0846371645424193
17.0,62.0,-1.0857173846973485
4.0,48.0,-1.0919725479006916
8.0,15.0,-1.0922889061000827
17.0,66.0,-1.0950809285185306
5.0,31.0,-1.0958365309131315
25.0,69.0,-1.099049268600724
21.0,41.0,-1.0997400719859292
21.0,49.0,-1.1010852684763048
27.0,61.0,-1.1066668427386608
35.0,66.0,-1.1119290798074868
17.0,38.0,-1.1123073577658438
5.0,38.0,-1.1130387135246955
1.0,14.0,-1.1136022613419283
13.0,28.0,-1.1145308475034228
25.0,29.0,-1.1165518099301106
19.0,44.0,-1.1184457187293961
37.0,48.0,-1.12041494681577
20.0,48.0,-1.1238727936919624
61.0,68.0,-1.125696807919211
4.0,46.0,-1.1283877756082656
3.0,69.0,-1.1345009632161542
16.0,23.0,-1.1397344288065359
53.0,58.0,-1.1474466286125589
2.0,58.0,-1.1480147764958608
8.0,47.0,-1.1564332777661024
28.0,47.0,-1.1656727396924897
47.0,54.0,-1.1661075087271378
6.0,32.0,-1.1685277888264813
24.0,63.0,-1.1690372600896901
19.0,59.0,-1.1699269853463585
20.0,32.0,-1.1808381895931468
7.0,11.0,-1.1861273333267988
54.0,63.0,-1.18720084023782
1.0,68.0,-1.1938057949383274
36.0,54.0,-1.1971055146929583
51.0,65.0,-1.198681545569616
61.0,65.0,-1.1998385989297065
17.0,36.0,-1.200233809474685
8.0,38.0,-1.2015679146812106
12.0,26.0,-1.2109902443996599
31.0,61.0,-1.2115609842655468
43.0,49.0,-1.2131152144165054
2.0,35.0,-1.2133208658545693
8.0,41.0,-1.218130039905488
27.0,64.0,-1.2181906690754638
41.0,52.0,-1.219243703815824
51.0,63.0,-1.2202301370559034
18.0,62.0,-1.2219008709929455
53.0,62.0,-1.2229343837184041
34.0,58.0,-1.2238957498257121
1.0,63.0,-1.2255522543169421
1.0,69.0,-1.2304882060189346
3.0,38.0,-1.2316468141087236
15.0,49.0,-1.2324201861584596
3.0,24.0,-1.233861706934369
35.0,62.0,-1.2356741427580566
44.0,65.0,-1.2446293693747743
31.0,39.0,-1.2462430260807273
2.0,12.0,-1.248859411751575
14.0,35.0,-1.2541000868771077
31.0,36.0,-1.2578341570880986
26.0,55.0,-1.2634869903029433
39.0,52.0,-1.2693070257242058
38.0,64.0,-1.2697817203644668
51.0,56.0,-1.2704169849249547
13.0,34.0,-1.270764269680777
12.0,57.0,-1.276357242659455
8.0,65.0,-1.2838750504262282
5.0,47.0,-1.2851215881045555
3.0,21.0,-1.289370213789614
40.0,46.0,-1.291289913223211
2.0,14.0,-1.2937283958022554
4.0,50.0,-1.2973160645185327
15.0,57.0,-1.3091486276405497
12.0,33.0,-1.3101239999282368
18.0,44.0,-1.3188584288464724
36.0,41.0,-1.3204981994766254
42.0,61.0,-1.320746565968938
14.0,26.0,-1.321283504078881
19.0,57.0,-1.3216346588574872
18.0,59.0,-1.3243491012604716
29.0,60.0,-1.3253033646626684
7.0,50.0,-1.328530027614852
26.0,52.0,-1.3303607505219566
13.0,41.0,-1.330476928616848
34.0,40.0,-1.3306146515237502
9.0,48.0,-1.336625513084914
22.0,62.0,-1.3396968904001252
11.0,49.0,-1.3428790936061061
29.0,49.0,-1.3480498807432755
25.0,46.0,-1.3491499171397066
5.0,43.0,-1.3493302738514064
1.0,15.0,-1.3497006066715445
24.0,59.0,-1.352537012894394
14.0,50.0,-1.3564100758365063
9.0,34.0,-1.365868681407932
48.0,62.0,-1.3669569170667784
25.0,31.0,-1.3698000000358468
1.0,32.0,-1.3704389025977861
17.0,50.0,-1.3777991180396962
43.0,55.0,-1.3810585187013127
56.0,69.0,-1.3815405325267396
29.0,58.0,-1.3849715646258902
52.0,61.0,-1.3866239663949071
25.0,40.0,-1.3886017186927182
21.0,39.0,-1.3942472756033915
36.0,51.0,-1.3970923713185552
30.0,40.0,-1.400667081996746
24.0,38.0,-1.4019102446613254
17.0,25.0,-1.4074159667305985
5.0,36.0,-1.4075198835362739
4.0,36.0,-1.409340673320341
17.0,46.0,-1.4110051808280093
15.0,68.0,-1.4124310763729453
8.0,51.0,-1.4196043477575417
17.0,55.0,-1.422437309797046
7.0,26.0,-1.426357087156892
15.0,62.0,-1.431424909993135
6.0,25.0,-1.4355116107631212
23.0,69.0,-1.4358057668858075
55.0,69.0,-1.441393957927791
9.0,51.0,-1.4425089668154278
46.0,65.0,-1.4427080445727714
26.0,51.0,-1.4434981979520107
41.0,58.0,-1.4493169590070234
9.0,69.0,-1.454468939554002
28.0,51.0,-1.4590120338491308
1.0,10.0,-1.4658013602303432
15.0,40.0,-1.4711177826721087
20.0,37.0,-1.473622589650904
21.0,63.0,-1.4741501137331545
1.0,25.0,-1.4780585705774336
21.0,59.0,-1.4800604318296071
37.0,65.0,-1.4810720074462231
30.0,36.0,-1.4823055835691288
31.0,56.0,-1.4839574675902083
34.0,60.0,-1.484404415062991
22.0,55.0,-1.4889264275057126
19.0,58.0,-1.488975527863354
9.0,21.0,-1.4904786833642651
10.0,43.0,-1.4937268719692793
13.0,35.0,-1.4945768432477267
23.0,44.0,-1.5015379584599002
65.0,69.0,-1.5018531342666372
36.0,55.0,-1.5033241595020268
13.0,54.0,-1.5045409121075062
11.0,45.0,-1.5075384362800175
47.0,69.0,-1.508817607227352
6.0,34.0,-1.511781746963774
23.0,30.0,-1.5129803962212398
12.0,63.0,-1.5139997513583079
24.0,69.0,-1.5166758601607238
20.0,45.0,-1.5176140220141723
26.0,58.0,-1.51875478255174
12.0,34.0,-1.5274102487062955
5.0,9.0,-1.530357830811636
64.0,68.0,-1.5343970674454197
7.0,41.0,-1.5354981418026308
55.0,60.0,-1.535791217523656
27.0,59.0,-1.5389806630924867
4.0,39.0,-1.5392906190184277
24.0,51.0,-1.540316430818431
40.0,64.0,-1.5431409197072188
15.0,58.0,-1.5440180123101837
12.0,16.0,-1.5448917999550646
45.0,64.0,-1.5528076404580406
52.0,67.0,-1.553894851003589
48.0,53.0,-1.556895450426399
14.0,23.0,-1.561245982310748
9.0,42.0,-1.564729891343157
19.0,55.0,-1.566381342482364
18.0,58.0,-1.5699233176253657
54.0,61.0,-1.5711574476979668
13.0,47.0,-1.572480914897089
34.0,43.0,-1.5741616148568505
5.0,35.0,-1.5742024024941246
10.0,54.0,-1.5786164237506188
15.0,65.0,-1.5807280566421305
18.0,47.0,-1.5819763394308664
21.0,57.0,-1.5820460149935227
20.0,34.0,-1.5829674463627117
49.0,62.0,-1.5829992297970783
33.0,65.0,-1.5836325655894554
20.0,36.0,-1.5841404749473718
37.0,61.0,-1.5857218433471139
18.0,65.0,-1.589613399997198
51.0,66.0,-1.5962332371792163
8.0,61.0,-1.5990846915997246
1.0,26.0,-1.5993060701024628
28.0,53.0,-1.59934588449334
48.0,56.0,-1.6031885663627186
18.0,25.0,-1.6055922908278484
19.0,42.0,-1.6057775796325562
39.0,64.0,-1.6086380521306014
1.0,12.0,-1.6096254593164718
31.0,65.0,-1.6109365103401023
21.0,34.0,-1.6131446456785057
19.0,35.0,-1.6139275333017737
36.0,40.0,-1.615167890084249
16.0,37.0,-1.618199193493446
4.0,68.0,-1.6195473271918321
21.0,42.0,-1.6215756970787067
3.0,54.0,-1.6236468554307617
34.0,48.0,-1.6282104318990036
5.0,59.0,-1.6302126192984314
20.0,41.0,-1.6319529493409903
23.0,39.0,-1.6366200063096048
26.0,68.0,-1.637330232099465
3.0,29.0,-1.6395686072907356
23.0,42.0,-1.6409493222026326
10.0,15.0,-1.642668481626809
22.0,52.0,-1.6440304441331994
9.0,25.0,-1.6474747912390295
1.0,66.0,-1.6516889834876771
4.0,23.0,-1.654468138725417
17.0,42.0,-1.658448893204116
9.0,23.0,-1.6644158713723478
36.0,47.0,-1.6645064985550286
15.0,26.0,-1.6651803089992898
34.0,42.0,-1.6674224979399301
6.0,62.0,-1.6724123217411517
5.0,13.0,-1.6745595033510308
16.0,49.0,-1.6769542614009665
8.0,60.0,-1.6812660262621264
25.0,32.0,-1.6816011486222708
33.0,44.0,-1.684676731611637
25.0,50.0,-1.6874765549252342
10.0,14.0,-1.6885267557213417
8.0,12.0,-1.6919779430204063
60.0,69.0,-1.6974800188763743
17.0,51.0,-1.6985266112552875
39.0,62.0,-1.7032103394836147
33.0,69.0,-1.7039401564263588
23.0,66.0,-1.7068839098966129
13.0,69.0,-1.7086805608044444
22.0,53.0,-1.709738385051663
45.0,69.0,-1.7135480631474667
2.0,57.0,-1.7158582770829691
43.0,56.0,-1.7159339826476305
34.0,38.0,-1.7172494337987199
10.0,47.0,-1.7200860228309027
32.0,43.0,-1.7300690133557277
6.0,19.0,-1.7337416864726343
12.0,37.0,-1.7388904657368216
7.0,28.0,-1.7427386504909568
42.0,47.0,-1.7429854339765598
1.0,11.0,-1.7432688302214625
21.0,47.0,-1.7438381591217063
34.0,57.0,-1.7492906663421361
12.0,24.0,-1.7497813010082448
8.0,62.0,-1.7617036254282465
50.0,58.0,-1.7632028368396229
49.0,69.0,-1.765218449885388
11.0,20.0,-1.766298049155957
29.0,47.0,-1.7673266273071633
41.0,57.0,-1.770432648204155
35.0,41.0,-1.7710147964658025
31.0,52.0,-1.7710664328894343
8.0,29.0,-1.7743736473759346
45.0,49.0,-1.7751111520905267
3.0,16.0,-1.782332073473173
22.0,69.0,-1.7894874251834145
60.0,65.0,-1.7914672468307287
32.0,50.0,-1.7923623737574195
42.0,49.0,-1.792477317119482
7.0,54.0,-1.796752387770109
9.0,26.0,-1.8015434506947356
12.0,55.0,-1.8033811286264687
43.0,53.0,-1.813830488989786
17.0,29.0,-1.8264777546388433
37.0,62.0,-1.8272169525329724
43.0,51.0,-1.8378365018389327
3.0,49.0,-1.8379974148082234
7.0,38.0,-1.8403164976538124
24.0,43.0,-1.841409328661073
20.0,29.0,-1.8429060051638912
3.0,53.0,-1.8442063997962244
26.0,38.0,-1.8464646890232723
21.0,26.0,-1.8495376236153092
4.0,27.0,-1.856221019560899
54.0,64.0,-1.8577803865849853
21.0,48.0,-1.8606361208907283
40.0,50.0,-1.8627651149323157
3.0,52.0,-1.8656555290503634
38.0,59.0,-1.8661802696028111
10.0,46.0,-1.8672485404385708
38.0,42.0,-1.8678827301028311
42.0,68.0,-1.8681668578857415
31.0,47.0,-1.8697313902266988
25.0,48.0,-1.8706508409636768
17.0,39.0,-1.872783603889065
24.0,68.0,-1.8753246622244082
31.0,55.0,-1.8776523685149769
30.0,65.0,-1.8800631661
14.0,43.0,-1.8829875394901239
27.0,54.0,-1.8843889323608387
19.0,65.0,-1.8893767106918096
32.0,52.0,-1.8981418442719804
37.0,51.0,-1.8982837065996818
30.0,56.0,-1.9026356075359798
24.0,28.0,-1.9039576942438445
34.0,52.0,-1.9043065707293707
15.0,37.0,-1.9055620448841002
2.0,6.0,-1.9067313832574693
2.0,34.0,-1.9106048669792721
19.0,68.0,-1.9124702902779307
37.0,55.0,-1.9152954767059571
39.0,59.0,-1.9180013444298722
45.0,52.0,-1.9266293530513852
6.0,13.0,-1.931371262384319
8.0,25.0,-1.9317197623533688
5.0,48.0,-1.937213765897538
37.0,68.0,-1.9439576253461115
22.0,54.0,-1.9448323775613998
5.0,69.0,-1.9449246101390176
9.0,43.0,-1.9452179730606594
12.0,47.0,-1.945761151725943
27.0,41.0,-1.9470102964346607
27.0,49.0,-1.9559501433473825
18.0,36.0,-1.9565308443482026
11.0,69.0,-1.9580511827628913
30.0,43.0,-1.965265152523131
40.0,51.0,-1.9662949945827743
12.0,67.0,-1.9858539899477605
6.0,58.0,-1.98621371321018
34.0,39.0,-1.9869905690259266
18.0,46.0,-1.9892845561044823
27.0,52.0,-1.9949955176732732
1.0,13.0,-1.998687569859234
16.0,55.0,-2.0082690823766307
27.0,44.0,-2.0087302817310615
12.0,49.0,-2.009062168597567
11.0,57.0,-2.009421197800597
33.0,59.0,-2.009733014716582
40.0,62.0,-2.0124003109269224
32.0,69.0,-2.013896849047536
28.0,56.0,-2.0205511625300017
29.0,56.0,-2.035692913858913
17.0,48.0,-2.0358318584945096
7.0,30.0,-2.036718711692807
11.0,56.0,-2.037435472505705
1.0,29.0,-2.0434358920501956
30.0,49.0,-2.043596649897668
44.0,64.0,-2.0446445047400443
15.0,30.0,-2.049644816567417
39.0,50.0,-2.0510045372492436
27.0,47.0,-2.0541411448081868
9.0,15.0,-2.061667474181024
33.0,64.0,-2.0797612688053397
30.0,67.0,-2.0797956800820265
39.0,63.0,-2.080370863033051
5.0,56.0,-2.081014440985556
30.0,66.0,-2.0831743279802297
37.0,46.0,-2.088000983018485
3.0,42.0,-2.0984122607190008
57.0,61.0,-2.1035574609029077
6.0,61.0,-2.1078284739025483
16.0,39.0,-2.1116770345504485
53.0,59.0,-2.1125453153765132
35.0,68.0,-2.1198719779767563
21.0,56.0,-2.1231851205214696
28.0,54.0,-2.1322944530644543
1.0,30.0,-2.1323529514579924
51.0,58.0,-2.1482409560758464
42.0,57.0,-2.1507946398943925
44.0,66.0,-2.163002153142454
52.0,60.0,-2.163434155674946
2.0,9.0,-2.170759020690232
8.0,28.0,-2.1742896074064433
7.0,20.0,-2.18114063204068
2.0,66.0,-2.181744689328086
33.0,39.0,-2.182513571439252
17.0,60.0,-2.182604069955125
27.0,60.0,-2.1852118368805167
29.0,57.0,-2.191996972273999
32.0,55.0,-2.1940334187507515
13.0,43.0,-2.1979329147468314
28.0,40.0,-2.2046422222940296
5.0,24.0,-2.209396615279004
48.0,66.0,-2.2100166654767226
38.0,55.0,-2.220308434432097
3.0,47.0,-2.220591325917844
32.0,37.0,-2.2225363974057974
32.0,59.0,-2.229204758107694
32.0,39.0,-2.234307694947119
1.0,22.0,-2.2350725812005114
20.0,43.0,-2.2396787735785755
38.0,56.0,-2.2415697682895694
8.0,33.0,-2.2421737229852856
13.0,27.0,-2.2448746347078905
51.0,57.0,-2.2471083325130103
49.0,68.0,-2.2477814690364757
25.0,37.0,-2.2531864036929963
53.0,64.0,-2.254578067226583
21.0,55.0,-2.255777391098947
6.0,48.0,-2.2561825573271115
17.0,34.0,-2.256737051968004
28.0,60.0,-2.2711186330108664
47.0,51.0,-2.272699511774246
5.0,17.0,-2.2752098396934715
34.0,66.0,-2.283147232157027
5.0,28.0,-2.284161824230915
8.0,30.0,-2.2921567036511177
33.0,42.0,-2.300086231348405
42.0,53.0,-2.301229811773194
10.0,33.0,-2.3032372830984387
50.0,55.0,-2.3062399649197705
19.0,52.0,-2.3084949027553296
15.0,63.0,-2.308982153192765
15.0,41.0,-2.312515040797596
5.0,32.0,-2.3132775040751223
28.0,63.0,-2.322328846914013
8.0,36.0,-2.323785193556272
1.0,23.0,-2.3265013053004973
27.0,43.0,-2.3294436390901017
31.0,40.0,-2.330805276190135
20.0,38.0,-2.3384135033778772
18.0,38.0,-2.3402007795194497
22.0,58.0,-2.3418122890042645
34.0,44.0,-2.342745290945553
31.0,41.0,-2.34502281720051
19.0,37.0,-2.347487560237303
5.0,33.0,-2.3522780560372936
33.0,37.0,-2.3525726153750797
1.0,62.0,-2.3552102019624948
12.0,43.0,-2.357885050123483
29.0,68.0,-2.361764499896021
11.0,31.0,-2.363204072787814
61.0,69.0,-2.3639501090620687
2.0,52.0,-2.3828472740790207
2.0,56.0,-2.3885372301556056
27.0,67.0,-2.390302499769267
32.0,57.0,-2.3937887895078083
42.0,69.0,-2.394449741399505
10.0,68.0,-2.398494448216958
34.0,45.0,-2.404366696430043
16.0,40.0,-2.4098642234427503
27.0,53.0,-2.410089680835533
53.0,67.0,-2.4114237280229553
6.0,12.0,-2.4138710281723235
19.0,63.0,-2.4147712148690066
32.0,56.0,-2.421108851099068
19.0,36.0,-2.4299822572179863
6.0,45.0,-2.4316188684072904
11.0,39.0,-2.4323034725595907
26.0,47.0,-2.4326384180721274
22.0,66.0,-2.43557879529052
54.0,69.0,-2.4377536953779413
13.0,19.0,-2.4420954589257127
8.0,54.0,-2.448816018613412
34.0,55.0,-2.454927039793958
16.0,20.0,-2.4555277557100497
23.0,53.0,-2.468568097713885
1.0,46.0,-2.4687043351929274
60.0,67.0,-2.471169222346026
18.0,37.0,-2.4752549679609466
35.0,58.0,-2.4766363124339343
23.0,52.0,-2.4769945685593107
23.0,29.0,-2.4781958874161587
36.0,59.0,-2.4801883152962696
14.0,64.0,-2.4838529089106705
14.0,56.0,-2.484663451215597
19.0,26.0,-2.491257411011535
10.0,50.0,-2.491279519237831
17.0,27.0,-2.5004883877484856
39.0,44.0,-2.502671832832472
26.0,35.0,-2.5051912836742267
36.0,53.0,-2.512323380744202
20.0,68.0,-2.529104670970196
20.0,61.0,-2.534864366599465
8.0,14.0,-2.535295008236689
2.0,8.0,-2.5393623146029016
12.0,52.0,-2.54638460737387
25.0,51.0,-2.550711009013513
47.0,60.0,-2.556457680398275
31.0,57.0,-2.5685406588900963
63.0,67.0,-2.5709564898556434
9.0,28.0,-2.571284059386287
11.0,54.0,-2.573157544991414
29.0,35.0,-2.5760691617809472
10.0,21.0,-2.579397191264272
16.0,24.0,-2.5812573031795676
2.0,40.0,-2.584277232917942
30.0,58.0,-2.5874250021792373
30.0,68.0,-2.5929989701181437
52.0,68.0,-2.608246848774432
15.0,52.0,-2.6197490187555066
11.0,53.0,-2.621772347685953
55.0,68.0,-2.623136303194354
18.0,24.0,-2.63021885187196
8.0,50.0,-2.6411866674253934
22.0,40.0,-2.6417289816348073
6.0,27.0,-2.6491910875449958
21.0,36.0,-2.651412156496907
19.0,46.0,-2.6543562232865314
56.0,64.0,-2.6649514963543557
10.0,34.0,-2.668135146641082
6.0,51.0,-2.66830457579158
48.0,69.0,-2.6709995230884025
17.0,26.0,-2.6711414857771807
2.0,7.0,-2.677941360996973
9.0,64.0,-2.681898220870798
32.0,49.0,-2.684391646234638
22.0,56.0,-2.68945559368291
2.0,65.0,-2.696616229849472
31.0,51.0,-2.6974214677253623
2.0,32.0,-2.698530823285762
40.0,45.0,-2.702516243499553
47.0,67.0,-2.7165067035121457
2.0,13.0,-2.717619555483095
41.0,55.0,-2.7276336069813936
8.0,66.0,-2.7344550579938174
9.0,36.0,-2.7358301462245502
41.0,47.0,-2.7499255581932656
16.0,54.0,-2.752022283408544
41.0,53.0,-2.7570705656879073
43.0,69.0,-2.764598285976532
11.0,24.0,-2.7653452000431806
9.0,46.0,-2.773472025131354
18.0,39.0,-2.773915451100958
17.0,23.0,-2.7784576705272923
43.0,57.0,-2.778672809511526
31.0,53.0,-2.782485379358949
7.0,66.0,-2.783129141674732
36.0,45.0,-2.8103986577351474
2.0,62.0,-2.820864925528982
9.0,68.0,-2.824232211456502
9.0,22.0,-2.824294198637343
11.0,66.0,-2.8247037573696394
59.0,67.0,-2.840966918672287
5.0,49.0,-2.8427839500323304
35.0,43.0,-2.8464165776016905
33.0,68.0,-2.849741147611539
4.0,62.0,-2.8567759829745705
26.0,57.0,-2.8750560762750674
12.0,38.0,-2.88627037828932
41.0,45.0,-2.8907733704665497
39.0,53.0,-2.8937943972788416
14.0,63.0,-2.902352079925473
9.0,30.0,-2.9133506406932232
7.0,42.0,-2.9300696944736893
7.0,69.0,-2.9381162578880295
3.0,63.0,-2.947367066873247
4.0,45.0,-2.952289577946507
14.0,41.0,-2.9541304403603434
24.0,50.0,-2.9564562521294904
37.0,45.0,-2.9623008892227842
28.0,48.0,-2.9710951246270794
6.0,26.0,-2.9714137496768798
21.0,35.0,-2.9768312854206473
8.0,32.0,-2.9853846087990084
50.0,57.0,-2.9963281632336214
15.0,61.0,-3.0040642481647883
7.0,53.0,-3.018465913877951
24.0,29.0,-3.0364738784459755
30.0,53.0,-3.0373963653302343
13.0,46.0,-3.0419353000072418
43.0,47.0,-3.050561391588262
28.0,69.0,-3.055860464334688
11.0,34.0,-3.056705339831284
35.0,61.0,-3.0632060194240593
5.0,40.0,-3.074553894927657
43.0,52.0,-3.0817814254750013
32.0,40.0,-3.082696172809061
5.0,37.0,-3.0878414711209325
40.0,48.0,-3.090070675861134
34.0,54.0,-3.093555626596382
48.0,57.0,-3.102218180484338
8.0,34.0,-3.1250631463437504
10.0,64.0,-3.139572700892713
29.0,53.0,-3.141095401997914
27.0,46.0,-3.1468373431445418
6.0,29.0,-3.147047697700202
29.0,40.0,-3.1529650915504632
19.0,47.0,-3.15745717183324
8.0,58.0,-3.163302610397606
11.0,26.0,-3.169328051987827
21.0,52.0,-3.173321016462475
15.0,24.0,-3.178802198352709
7.0,49.0,-3.1822572077298426
35.0,48.0,-3.1949866792085944
32.0,53.0,-3.1978493174468916
15.0,54.0,-3.2102359993168883
5.0,20.0,-3.211217205079692
24.0,60.0,-3.211351671357243
26.0,33.0,-3.214114036118761
18.0,27.0,-3.21553738875896
38.0,58.0,-3.2462939543524127
46.0,53.0,-3.2593699862619934
6.0,60.0,-3.2639112231695893
23.0,54.0,-3.264454299408328
31.0,38.0,-3.2683866682965896
34.0,59.0,-3.2711565439554366
5.0,25.0,-3.282381531440569
9.0,54.0,-3.2887267612603943
6.0,30.0,-3.3053134507557513
29.0,65.0,-3.321089386980684
21.0,40.0,-3.3287776670620444
9.0,29.0,-3.3366548473774666
10.0,23.0,-3.3562687960778637
4.0,22.0,-3.3615840711996077
4.0,60.0,-3.3686068921750834
50.0,59.0,-3.388473436639924
40.0,58.0,-3.3940599171331747
5.0,45.0,-3.3977951163099167
53.0,61.0,-3.4073461794693856
57.0,69.0,-3.408853609624751
30.0,35.0,-3.4184372025866496
23.0,64.0,-3.421314244456136
22.0,57.0,-3.421447499242305
26.0,31.0,-3.434465605577825
53.0,60.0,-3.466470042209132
4.0,34.0,-3.4743862563804675
6.0,36.0,-3.4904600473877596
23.0,49.0,-3.5011415707954887
3.0,40.0,-3.5092214621034983
56.0,61.0,-3.5148752362516857
58.0,65.0,-3.527988340686513
9.0,31.0,-3.533074559426245
10.0,67.0,-3.547586362694367
5.0,53.0,-3.5543076344293003
5.0,67.0,-3.5970723706733287
16.0,21.0,-3.598372103206946
12.0,53.0,-3.6025820351011717
8.0,23.0,-3.6239726877812846
16.0,44.0,-3.6609082123175645
30.0,55.0,-3.661855570244223
35.0,46.0,-3.665248035679354
39.0,43.0,-3.6673262617364304
5.0,10.0,-3.668240246742284
6.0,67.0,-3.6903618458234906
19.0,31.0,-3.691354593339049
3.0,8.0,-3.703872077533269
27.0,55.0,-3.7057581013725946
39.0,54.0,-3.7405702360599666
31.0,44.0,-3.7455750022678327
16.0,35.0,-3.7496912797849307
16.0,33.0,-3.763013144577908
17.0,30.0,-3.768890559288175
21.0,66.0,-3.7711742111872746
41.0,56.0,-3.78029993526313
5.0,52.0,-3.795741713876286
21.0,25.0,-3.816191929805979
31.0,63.0,-3.824329234501498
5.0,41.0,-3.8719286861047046
19.0,24.0,-3.8776178536838244
9.0,67.0,-3.881660678250955
27.0,66.0,-3.9132981160990528
1.0,16.0,-3.9145988671473235
8.0,42.0,-3.9293007099474506
15.0,53.0,-3.9297955098617585
7.0,65.0,-3.9410912893054415
30.0,44.0,-3.9487624940826818
55.0,67.0,-3.962134502301695
10.0,62.0,-3.973211202228267
16.0,66.0,-3.9804374089265075
4.0,29.0,-4.000654386119452
49.0,58.0,-4.009302893946329
44.0,67.0,-4.032327477154222
31.0,69.0,-4.0586196434027855
4.0,30.0,-4.107683551706133
57.0,67.0,-4.1225926723155855
16.0,31.0,-4.195471662765789
27.0,69.0,-4.198526395505393
15.0,19.0,-4.201340148792508
39.0,47.0,-4.218374829959471
3.0,48.0,-4.273793011511464
18.0,22.0,-4.28917797912279
10.0,69.0,-4.3219696201081925
18.0,34.0,-4.344572962184873
9.0,61.0,-4.372648512607458
12.0,40.0,-4.389216943012485
8.0,26.0,-4.398605243785556
19.0,53.0,-4.414494491949358
7.0,55.0,-4.446630553199437
51.0,60.0,-4.450909842439046
10.0,27.0,-4.468879875071065
16.0,64.0,-4.478524123656689
46.0,69.0,-4.600772032113624
7.0,19.0,-4.613852771351811
30.0,47.0,-4.624786971004394
31.0,35.0,-4.66326699678431
48.0,63.0,-4.786165075065353
3.0,18.0,-4.970173418430147
45.0,53.0,-5.046377128845727
8.0,46.0,-5.056048006312305
8.0,31.0,-5.249311969720355
14.0,61.0,-5.249945961671291
19.0,27.0,-5.455041005692522
8.0,67.0,-5.613187078601506
50.0,65.0,-5.623967822883985
51.0,55.0,-5.734262311826788
1.0,19.0,-5.973663224478693
5.0,57.0,-6.122281745857314
7.0,57.0,-6.277803361882397
